1) 0
2) 316.228
3) 1504.24
4) 3745.61
5) 7155.42
6) 11821.8
7) 17817.2
8) 25204.1
9) 34037.1
10) 44365.5
11) 56234.1
12) 69684.1
13) 84753.5
14) 101478
15) 119891
16) 140025
17) 161909
18) 185571
19) 211039
20) 238339
21) 267496
22) 298534
23) 331475
24) 366343
25) 403158
26) 441942
27) 482714
28) 525495
29) 570303
30) 617157
31) 666075
32) 717074
33) 770172
34) 825385
35) 882729
36) 942222
37) 1.00388e+006
38) 1.06771e+006
39) 1.13374e+006
40) 1.20197e+006
41) 1.27243e+006
42) 1.34513e+006
43) 1.42007e+006
44) 1.49728e+006
45) 1.57677e+006
46) 1.65855e+006
47) 1.74263e+006
48) 1.82903e+006
49) 1.91775e+006
50) 2.00882e+006
51) 2.10224e+006
52) 2.19803e+006
53) 2.29619e+006
54) 2.39674e+006
55) 2.49969e+006
56) 2.60505e+006
57) 2.71283e+006
58) 2.82305e+006
59) 2.93571e+006
60) 3.05082e+006
61) 3.1684e+006
62) 3.28846e+006
63) 3.411e+006
64) 3.53603e+006
65) 3.66357e+006
66) 3.79363e+006
67) 3.92621e+006
68) 4.06133e+006
69) 4.19899e+006
70) 4.33921e+006
71) 4.48199e+006
72) 4.62734e+006
73) 4.77527e+006
74) 4.9258e+006
75) 5.07892e+006
76) 5.23465e+006
77) 5.393e+006
78) 5.55398e+006
79) 5.71759e+006
80) 5.88384e+006
81) 6.05275e+006
82) 6.22431e+006
83) 6.39854e+006
84) 6.57545e+006
85) 6.75505e+006
86) 6.93733e+006
87) 7.12232e+006
88) 7.31002e+006
89) 7.50043e+006
90) 7.69356e+006
91) 7.88943e+006
92) 8.08804e+006
93) 8.28939e+006
94) 8.4935e+006
95) 8.70037e+006
96) 8.91001e+006
97) 9.12243e+006
98) 9.33763e+006
99) 9.55562e+006